Map from character to field name
A:	china
B:	france
C:	japan
D:	kenya
E:	mexico
F:	united_kingdom
G:	usa
H:	?


Substitution rate (mu): 35.749087

Equilibrium frequencies (pi_i):
  A: 0.1432
  B: 0.116
  C: 0.1832
  D: 0.1662
  E: 0.1375
  F: 0.1537
  G: 0.1002

Symmetrized rates from j->i (W_ij):
	A	B	C	D	E	F	G
  A	0	0.6825	0.8897	0.6839	0.6839	0.6841	0.788
  B	0.6825	0	3.4892	0.6824	0.6822	0.935	3.1466
  C	0.8897	3.4892	0	0.6722	0.9977	0.7818	5.4727
  D	0.6839	0.6824	0.6722	0	0.6839	0.684	1.3437
  E	0.6839	0.6822	0.9977	0.6839	0	0.6841	0.6772
  F	0.6841	0.935	0.7818	0.684	0.6841	0	0.6821
  G	0.788	3.1466	5.4727	1.3437	0.6772	0.6821	0

Actual rates from j->i (Q_ij):
	A	B	C	D	E	F	G
  A	0	0.0977	0.1274	0.0979	0.0979	0.098	0.1128
  B	0.0792	0	0.4047	0.0791	0.0791	0.1084	0.3649
  C	0.163	0.6392	0	0.1231	0.1828	0.1432	1.0026
  D	0.1137	0.1134	0.1117	0	0.1137	0.1137	0.2234
  E	0.0941	0.0938	0.1372	0.0941	0	0.0941	0.0931
  F	0.1051	0.1437	0.1201	0.1051	0.1051	0	0.1048
  G	0.0789	0.3152	0.5482	0.1346	0.0678	0.0683	0
