Map from character to field name
A:	china
B:	france
C:	japan
D:	kenya
E:	mexico
F:	united_kingdom
G:	usa
H:	?


Substitution rate (mu): 35.951588

Equilibrium frequencies (pi_i):
  A: 0.1445
  B: 0.1135
  C: 0.1852
  D: 0.1658
  E: 0.1378
  F: 0.1533
  G: 0.1

Symmetrized rates from j->i (W_ij):
	A	B	C	D	E	F	G
  A	0	0.6812	0.8675	0.6826	0.6826	0.6828	0.8076
  B	0.6812	0	3.5739	0.681	0.6809	0.9239	3.1171
  C	0.8675	3.5739	0	0.6705	0.9962	0.7864	5.4651
  D	0.6826	0.681	0.6705	0	0.6826	0.6827	1.3416
  E	0.6826	0.6809	0.9962	0.6826	0	0.6828	0.6757
  F	0.6828	0.9239	0.7864	0.6827	0.6828	0	0.6806
  G	0.8076	3.1171	5.4651	1.3416	0.6757	0.6806	0

Actual rates from j->i (Q_ij):
	A	B	C	D	E	F	G
  A	0	0.0984	0.1253	0.0986	0.0986	0.0986	0.1167
  B	0.0773	0	0.4057	0.0773	0.0773	0.1049	0.3538
  C	0.1606	0.6617	0	0.1242	0.1845	0.1456	1.0119
  D	0.1131	0.1129	0.1111	0	0.1131	0.1132	0.2224
  E	0.0941	0.0938	0.1373	0.0941	0	0.0941	0.0931
  F	0.1047	0.1416	0.1206	0.1047	0.1047	0	0.1043
  G	0.0808	0.3117	0.5465	0.1342	0.0676	0.0681	0
