Map from character to field name
A:	france
B:	japan
C:	kenya
D:	mexico
E:	united_kingdom
F:	usa
G:	?


Substitution rate (mu): 42.841429

Equilibrium frequencies (pi_i):
  A: 0.1073
  B: 0.3196
  C: 0.1578
  D: 0.1362
  E: 0.157
  F: 0.1221

Symmetrized rates from j->i (W_ij):
	A	B	C	D	E	F
  A	0	3.3572	0.6223	0.62	0.8272	3.3603
  B	3.3572	0	0.7443	0.9112	0.6701	2.8023
  C	0.6223	0.7443	0	0.6211	0.6213	1.132
  D	0.62	0.9112	0.6211	0	0.6211	0.6156
  E	0.8272	0.6701	0.6213	0.6211	0	0.678
  F	3.3603	2.8023	1.132	0.6156	0.678	0

Actual rates from j->i (Q_ij):
	A	B	C	D	E	F
  A	0	0.3603	0.0668	0.0665	0.0888	0.3607
  B	1.0729	0	0.2379	0.2912	0.2141	0.8956
  C	0.0982	0.1175	0	0.098	0.0981	0.1787
  D	0.0844	0.1241	0.0846	0	0.0846	0.0838
  E	0.1298	0.1052	0.0975	0.0975	0	0.1064
  F	0.4104	0.3423	0.1383	0.0752	0.0828	0
