Map from character to field name
A:	brazil
B:	china
C:	france
D:	malaysia
E:	thailand
F:	usa
G:	?


Substitution rate (mu): 80.106031

Equilibrium frequencies (pi_i):
  A: 0.1571
  B: 0.1397
  C: 0.1505
  D: 0.1817
  E: 0.1523
  F: 0.2187

Symmetrized rates from j->i (W_ij):
	A	B	C	D	E	F
  A	0	0.8605	0.8513	0.8847	0.8518	1.7874
  B	0.8605	0	0.8512	1.3138	0.8514	1.3292
  C	0.8513	0.8512	0	0.8741	0.8514	1.3433
  D	0.8847	1.3138	0.8741	0	1.0779	2.2223
  E	0.8518	0.8514	0.8514	1.0779	0	1.1473
  F	1.7874	1.3292	1.3433	2.2223	1.1473	0

Actual rates from j->i (Q_ij):
	A	B	C	D	E	F
  A	0	0.1352	0.1338	0.139	0.1338	0.2808
  B	0.1202	0	0.1189	0.1836	0.119	0.1857
  C	0.1281	0.1281	0	0.1315	0.1281	0.2021
  D	0.1607	0.2387	0.1588	0	0.1958	0.4037
  E	0.1298	0.1297	0.1297	0.1642	0	0.1748
  F	0.3909	0.2907	0.2937	0.486	0.2509	0
