Map from character to field name
A:	brazil
B:	china
C:	france
D:	malaysia
E:	thailand
F:	usa
G:	?


Substitution rate (mu): 78.508833

Equilibrium frequencies (pi_i):
  A: 0.1595
  B: 0.1549
  C: 0.1536
  D: 0.1658
  E: 0.1544
  F: 0.2118

Symmetrized rates from j->i (W_ij):
	A	B	C	D	E	F
  A	0	0.874	0.8713	1.202	0.8714	1.6661
  B	0.874	0	0.8709	0.9153	0.8708	1.353
  C	0.8713	0.8709	0	0.9107	0.8709	1.3606
  D	1.202	0.9153	0.9107	0	1.3247	2.4303
  E	0.8714	0.8708	0.8709	1.3247	0	0.9397
  F	1.6661	1.353	1.3606	2.4303	0.9397	0

Actual rates from j->i (Q_ij):
	A	B	C	D	E	F
  A	0	0.1394	0.139	0.1917	0.139	0.2658
  B	0.1354	0	0.1349	0.1417	0.1349	0.2095
  C	0.1338	0.1338	0	0.1399	0.1338	0.209
  D	0.1993	0.1518	0.151	0	0.2196	0.403
  E	0.1346	0.1345	0.1345	0.2046	0	0.1451
  F	0.3528	0.2865	0.2881	0.5147	0.199	0
