Map from character to field name
A:	france
B:	japan
C:	kenya
D:	mexico
E:	united_kingdom
F:	usa
G:	?


Substitution rate (mu): 39.814909

Equilibrium frequencies (pi_i):
  A: 0.1171
  B: 0.3144
  C: 0.174
  D: 0.1396
  E: 0.1586
  F: 0.0963

Symmetrized rates from j->i (W_ij):
	A	B	C	D	E	F
  A	0	2.9583	0.6367	0.6364	0.8268	3.2726
  B	2.9583	0	0.6202	0.934	0.7063	3.8907
  C	0.6367	0.6202	0	0.6376	0.6378	1.2599
  D	0.6364	0.934	0.6376	0	0.6377	0.6317
  E	0.8268	0.7063	0.6378	0.6377	0	0.7002
  F	3.2726	3.8907	1.2599	0.6317	0.7002	0

Actual rates from j->i (Q_ij):
	A	B	C	D	E	F
  A	0	0.3466	0.0746	0.0746	0.0969	0.3834
  B	0.9301	0	0.195	0.2937	0.2221	1.2233
  C	0.1108	0.1079	0	0.1109	0.111	0.2192
  D	0.0888	0.1304	0.089	0	0.089	0.0882
  E	0.1311	0.112	0.1011	0.1011	0	0.111
  F	0.315	0.3745	0.1213	0.0608	0.0674	0
